1828
2025
2808
2163
1317
3171
35
1198
2000
2496
1124
2974
1385
3546
2391
3501
3074
2581
2394
3592
1452
1964
2552
2506
3347
1503
1372
2416
3264
3060
2014
646
2224
900
984
1523
1033
2283
1375
1355
477
3023
316
1103
2779
771
476
2276
3601
1814
108
3499
2061
1949
601
1739
1260
619
917
163
1672
2959
3070
919
2592
2474
2311
2939
2708
2380
1611
3155
498
2366
2580
921
463
789
2814
677
3130
2643
2863
2107
651
1996
3785
3359
1844
1179
3148
1531
1274
1673
1726
2287
33
2135
458
3071
1001
870
2689
1335
1896
779
2566
585
1958
2994
1910
3281
2356
2890
3661
3767
3191
3502
1811
2058
3058
1363
1605
1246
1513
1815
3570
3560
3398
294
2386
346
2972
3116
1352
1436
2214
122
3761
2321
2125
3321
1755
472
211
1234
3404
1111
581
2233
1530
2077
1674
3348
3763
3373
525
1764
1068
3004
982
1373
3126
2343
684
3048
1953
1428
1857
3265
169
2849
2164
491
3575
3005
2886
459
2675
1612
147
2084
887
2965
618
1908
292
2846
2837
2207
1002
398
74
3155
1036
2722
2791
3366
859
246
3044
3335
3241
1171
2769
1033
3005
3764
1249
3273
912
1390
2129
3121
1092
2985
3519
922
3330
2729
2491
594
2474
309
1156
3144
556
2887
961
221
3048
3834
1867
2165
579
449
948
581
1238
1608
1876
284
1228
3648
2164
932
782
1977
593
3276
2913
781
3536
3177
2370
1656
802
1795
1075
1639
2053
2407
3235
1835
2690
1265
3183
2055
1596
3149
1170
3324
1069
3767
2399
2297
925
2619
3468
2345
3300
2203
1346
1212
1345
70
465
1456
814
861
1383
1208
1097
2006
1789
1342
1764
109
3168
3674
39
971
2447
76
1969
1460
3631
2562
1130
2275
2231
770
3267
2120
3467
3749
3054
1564
1783
155
3323
768
2051
54
2410
3268
177
3420
142
1295
1639
1801
3305
3289
688
3215
2716
2583
536
1823
2367
3640
1605
1841
3504
1071
1893
1341
527
2006
994
54
2606
3391
131
1317
1635
1421
2551
3524
1656
1137
3096
3678
2142
2462
2992
438
2242
3383
1564
3339
555
429
3405
1204
1601
1899
771
53
833
881
1075
2005
1656
1468
3631
2765
825
1655
3414
2868
1558
3197
361
761
3455
3821
2971
2644
1921
71
1959
2460
2215
3183
3054
2938
700
3005
2061
124
2338
2177
3135
2690
3590
2869
27
2685
3583
3367
3453
3730
1752
2208
3768
632
2341
3083
741
2993
3265
786
2123
3311
0003
2076
2551
7
1506
2951
2232
2890
1022
514
2907
832
3639
1546
2225
3431
2588
3539
300
3173
3325
2030
919
1519
2351
2970
403
2772
3550
1905
163
2329
3152
430
2332
3220
843
1501
7
2207
472
2460
2007
291
149
1838
1969
2864
1651
3019
1360
809
3588
2709
1242
0007
0003
3192
2854
3187
1066
3796
3344
1031
3508
2156
593
3365
2389
622
1281
3132
2245
441
693
2705
3657
3428
3464
3754
2223
3327
3052
86
3420
3541
3643
3310
712
1744
3141
1580
3790
3318
878
2753
393
392
1521
706
3361
1182
1227
3573
342
1549
3102
3470
3295
705
1556
3183
2420
3638
1708
3068
129
1135
1309
285
2546
3545
462
1585
3645
776
3297
2185
1989
53
3097
3090
3156
352
658
1525
1422
2964
2908
3799
2323
3275
1229
1911
614
3051
1021
2902
126
2884
3389
1163
586
3466
243
2816
1260
1149
486
3517
1276
3671
3697
906
1691
3412
2047
2174
435
1186
1015
1896
3800
2667
2056
1740
1962
285
213
3343
3056
2971
2015
1640
1962
971
911
63
2242
2947
1613
67
300
54
1002
3478
1055
65
1444
285
2819
847
1909
416
3311
2106
34
1600
1847
1976
2576
1720
1912
1737
2434
1919
2081
3579
3243
2229
3793
2175
885
1507
1549
1528
546
3674
2996
1862
3386
2408
787
576
814
36
987
1025
2707
2906
1835
1519
1934
833
2303
1466
3344
1060
2760
1045
453
2957
998
3748
1878
111
288
908
3515
1977
1793
367
1220
3689
2389
1749
3656
3813
2915
2982
2867
2015
2647
1147
870
3347
3416
2959
1360
703
1587
1180
1986
1766
2689
2303
570
22
271
3731
3249
3577
34
2206
3690
2762
54
2105
2122
1584
2304
2312
2704
489
692
3067
2913
507
2561
2149
368
322
2468
2160
3430
3507
1632
1060
1244
7
258
3258
1850
1801
1149
1500
3167
3829
1371
1955
3730
615
451
1789
992
2587
2699
1624
854
2317
279
3065
317
2560
89
555
563
1374
1899
896
3123
885
1286
1458
1506
3511
1672
2475
1993
1039
568
3648
3544
2225
580
2257
2073
3809
2817
2796
3619
1420
2949
1148
2183
2100
1387
1204
3324
712
1586
723
1888
599
1460
685
3135
3617
648
1066
2899
946
3386
3344
498
2735
1018
1354
3327
3784
2956
911
2474
3088
2880
384
3604
986
1972
3725
2789
3546
628
1062
3053
2811
926
3406
2482
3186
144
1361
3361
3775
489
208
868
1899
759
808
132
511
76
913
199
2366
363
2210
2174
1766
3788
2740
849
3464
601
3200
1609
3650
3308
3563
14
2069
3402
1331
2044
1176
267
2997
693
3147
1535
2817
2040
3771
1093
1543
2678
2690
3517
370
3369
3371
837
328
1533
2193
2220
2672
1586
2244
3355
3732
3105
2026
29
407
3249
3274
1393
1873
3437
3748
182
3637
1854
2586
2982
2704
3226
3656
1541
3827
984
2056
3179
680
3029
1294
2942
3505
1971
2402
2073
3352
3072
768
3795
972
2022
2633
3638
375
3123
1419
2234
1001
1583
1410
3386
912
3309
112
2247
2919
1012
840
2156
968
597
1511
1077
2660
1215
2646
936
1976
307
955
514
1224
1028
145
412
1206
156
1861
664
2546
2354
815
3831
3283
2583
1707
3612
627
197
3485
1551
122
1247
1085
1430
2005
677
1289
860
3430
1532
3711
1231
295
1977
515
980
2539
1529
3607
1558
1128
2829
824
155
3086
1911
2153
2748
1578
1495
569
3187
1652
3313
3127
2725
2043
196
358
696
33
1737
1113
3521
1465
1809
538
1641
221
1456
471
163
2385
2505
3617
2693
865
2542
3010
3104
1018
2580
1092
3136
2532
1952
462
925
3573
2017
414
3784
89
1789
3014
103
572
1301
2260
3768
1312
2203
494
822
2622
3161
1302
2465
2237
2011
3356
1991
1811
2030
966
3644
3325
3821
1906
1228
2956
3344
3794
2060
1470
2188
3674
1947
1166
1592
1022
3805
3074
2635
1793
209
116
308
545
3704
3541
1979
891
2828
1721
2016
28
1775
1548
2530
1729
3790
1962
947
3077
3384
3308
872
2749
2189
2593
1594
1109
1179
1610
2449
2020
2916
3645
550
3618
1660
174
560
1920
2549
1282
1419
1545
383
3149
2292
1914
1107
2008
2000
464
2671
1003
3573
3145
629
3124
1275
1485
2727
3008
3129
655
1139
1384
2390
3571
1324
952
1159
1868
2060
3719
3596
889
3413
3268
3127
3274
260
2495
1707
2451
2893
3286
3465
1361
397
2615
2806
2567
217
3615
2059
1105
3431
2651
3835
3529
3548
151
1916
3196
1265
961
3227
1420
2961
1422
2776
439
2745
3384
3562
3675
3607
2304
1547
1366
3101
2569
3420
1319
3836
1873
1749
2830
3529
2231
1026
587
1956
279
724
233
172
3073
3223
691
2221
1519
1089
973
2599
3645
900
1385
3678
2177
1424
3182
1638
3223
89
1853
2480
1722
1755
3095
2308
2289
2420
1828
1643
1936
2902
1827
136
2049
452
2269
184
3099
2608
265
118
2934
466
2754
1551
2379
569
1515
3422
566
2532
2166
3077
1327
306
2108
1362
1725
1773
176
3078
968
1034
3054
2670
611
1948
1121
27
1908
292
3558
1302
1072
1399
3184
2129
810
1346
26
2828
1730
447
709
2583
3358
1598
80
1787
2603
170
1498
2573
709
629
3193
1908
3083
3407
1674
799
46
1758
410
722
3239
3806
3652
1790
2698
2053
218
2276
692
25
2510
1370
2666
3644
2510
3153
1940
688
1302
686
3527
1164
2067
1645
2951
1342
3806
146
922
2694
2946
2332
2697
2351
1145
2999
2638
761
2269
1214
1592
3440
3669
3643
304
1595
1578
1642
3335
592
2670
2180
457
3831
815
199
3136
3599
704
2587
720
809
2205
352
1490
2805
1350
1952
2927
3686
3464
2540
2712
2251
2698
577
2007
3620
2556
1209
2340
264
2205
3749
1422
59
34
413
3594
1583
3225
2690
2339
2976
2456
3032
80
1040
3767
1957
688
1476
834
500
3699
2200
593
3247
3244
1803
1948
2401
1064
2276
1284
1707
2595
2146
779
115
2201
3255
415
2375
487
525
3022
655
740
2091
1117
396
980
1193
3093
2361
1764
364
1442
1360
321
3082
2587
773
376
1823
358
579
448
574
782
2166
3297
2573
1303
3415
16
955
123
2407
2558
3684
518
1497
1363
1834
1165
3160
1442
188
1402
1816
389
122
721
1879
2877
904
961
2565
3734
1260
1699
3806
3111
581
3497
3082
1818
2809
46
880
900
3317
3359
1237
2479
2694
3647
585
2855
520
3582
181
963
3519
3052
2005
1193
657
2092
3296
570
2027
1394
1479
1387
2000
2256
1616
1328
1198
1542
987
786
3470
2770
1854
3507
935
2539
2374
2864
2253
3759
2498
3393
3827
3438
1871
3345
1820
2752
2511
2948
2715
2934
1351
352
3746
1583
3444
2473
1202
3199
519
3605
1603
2530
1808
79
2409
2412
837
814
2930
2301
501
2128
2990
2464
2003
3732
3744
3816
3721
2193
2493
1082
3288
3526
2808
616
310
1859
1376
411
1378
3438
1252
1709
295
3833
3376
1951
1351
3215
2937
1678
2924
1957
1343
605
3425
3371
816
616
1743
2710
2083
193
2789
1273
1919
1891
2965
3744
312
2852
3319
943
3743
699
150
962
2603
2376
1078
152
406
2099
2026
685
1483
2712
1607
864
3279
2016
1715
1810
63
1447
1910
134
3149
596
3501
2067
3353
30
1305
2214
322
3283
155
2787
3831
2039
2181
3238
1639
3262
953
3742
1819
1964
269
2143
2993
1814
2572
2545
1032
221
3034
1844
1858
1181
1199
1269
3261
2916
3578
1292
1659
1754
3462
2937
1113
1999
3570
582
151
1530
98
553
2616
143
1243
1140
2832
120
183
1784
2724
1712
3305
3536
2373
541
2308
409
313
1672
3366
2919
1961
1381
1011
3746
3748
2935
430
2009
1873
2524
1329
690
895
1666
3507
2845
1821
1571
3632
497
2706
1949
2754
2540
454
1530
2054
1043
152
921
3263
2776
1458
22
1282
2012
2657
861
1334
1996
3461
1155
19
874
967
581
1837
2249
1036
1775
124
1265
3772
1388
2820
3051
1654
1617
91
2618
3125
3284
1385
911
604
2858
1625
1771
38
3590
651
878
3808
2134
2730
3508
2085
1196
638
2124
2130
2328
2216
2079
407
3423
374
2778
1405
2968
3376
1705
1273
347
1894
2275
2134
2348
1975
582
2006
3561
3521
2047
435
1600
42
2816
355
1094
1458
1155
1268
1553
3229
1174
3804
2475
499
2791
624
3648
2356
3771
2155
3545
3765
708
1194
2085
561
1576
2223
670
2603
1233
2962
3364
1513
2422
317
871
1716
1271
1697
64
607
3277
1957
2852
243
1168
3015
964
3096
3716
232
2687
3790
1144
3515
727
949
714
2371
2877
1484
2256
487
2786
1696
3335
901
175
188
1530
616
421
1231
3629
1886
281
1314
1931
2637
832
290
1609
135
1725
3751
852
3607
1972
3373
1606
291
3143
3497
2124
1808
765
2274
3175
2995
674
3520
2171
133
2780
2300
248
3625
860
2762
1214
2553
3806
813
769
3057
2750
1934
1219
2952
831
2521
406
539
2764
3658
2900
2726
2077
102
2584
2300
16
3373
1337
732
711
1890
2980
2393
238
220
722
1442
200
2711
542
3383
1881
3087
2074
1534
3327
1922
1415
2480
302
334
1480
3283
879
3455
3436
1222
1001
738
2564
1371
104
3406
2763
507
31
783
2830
3770
2581
2407
2371
3046
191
1910
107
1959
3695
3395
3265
419
3487
3202
3554
2305
2013
3434
1056
2585
3017
3822
3241
2553
2148
3476
1316
1441
2844
527
2252
3019
2133
2557
3429
739
925
117
2706
3502
2266
1760
2996
1076
126
2781
225
939
2267
607
1095
2295
639
2604
208
2020
274
3054
3504
568
1477
3706
2843
1753
2806
1868
595
840
3054
2647
1510
1437
333
929
1655
244
3196
3209
2946
2793
3810
1652
581
3678
403
2962
2871
1521
1042
2323
2472
2261
2754
998
3088
20
2507
3180
621
3034
3360
2190
1005
3314
2153
1217
738
102
1172
1085
2038
1555
923
2251
964
3477
2480
1797
2695
330
3545
18
1507
1849
3191
349
3714
18
2406
3720
2057
1782
403
1281
1983
2934
1872
1982
2207
197
3056
127
2700
2990
477
3417
801
2873
1589
774
158
1056
858
3788
1010
3785
3515
656
1193
907
1721
2859
432
3556
1983
107
528
1448
20
67
2968
3056
1135
777
2324
58
1719
1562
344
1123
1363
825
1422
3628
1981
2463
336
1764
1168
1678
3256
950
732
1507
2570
1073
759
339
2840
1058
3136
458
3090
719
1708
3558
1208
3612
3323
2928
963
2591
236
449
3628
1846
2053
1235
1335
1846
2519
2363
874
319
2707
3247
3717
719
1640
179
3171
1368
2946
2879
3738
3748
2003
1924
3517
329
3674
3276
697
885
3051
2697
2896
2486
1233
3807
3316
119
3039
1571
2448
3458
441
1383
3659
817
455
972
2868
2857
541
280
659
1361
1756
2975
2196
3281
802
3471
696
1299
810
3268
2256
132
3800
1867
3806
2372
2146
1578
952
1352
2194
544
3326
254
3037
3736
162
1944
202
2781
1894
705
3568
115
3060
506
1370
1127
1886
2711
2478
916
3464
3610
1234
294
3633
2714
1783
768
3333
3225
2976
656
1467
1885
1960
2057
2215
1596
3824
610
3578
1173
1486
2617
2089
1083
3798
2165
1809
691
1537
2950
2786
2402
539
2804
1825
1300
2132
1930
3122
622
3612
2878
1823
814
1434
2432
2108
752
2576
39
26
1025
2462
1723
849
2849
2978
1999
3626
556
1558
3476
1354
1068
3692
2100
3190
1065
2005
2541
3215
2213
3659
212
958
2210
817
1787
2819
1731
2870
943
1147
3527
3354
2051
2389
280
3290
2808
2410
3347
386
3059
1084
2091
3462
3628
512
1413
282
1981
1509
1512
270
3264
3121
2236
2007
386
2752
379
2870
337
1507
820
3085
2285
2721
885
733
3234
1302
1645
1046
2403
3096
331
2941
2854
2628
2454
2149
3371
1626
1154
3455
2229
3459
3587
1493
3711
2632
2770
971
2824
3135
3435
2299
2507
3204
2683
1441
1022
1346
2222
1872
2202
1657
1276
1165
2964
1187
1378
1117
1048
3836
1779
2320
738
1942
3332
251
1890
1708
1736
3508
3831
2781
2990
3574
1342
2652
443
1781
2596
3533
2465
1931
3614
1748
2154
19
3464
1621
1888
2860
3765
2430
2847
1565
1146
710
1675
3036
1272
2970
1585
3491
2606
598
822
3158
3489
1601
2655
3293
1776
964
3524
1455
2882
2569
153
1154
2611
896
3257
3000
3487
2851
1000
483
3102
688
3428
2366
352
716
610
2163
3750
657
875
3788
2720
2433
946
3781
3350
1885
902
1345
2504
657
2099
578
2910
2180
385
2814
1568
719
2158
2442
786
3700
3377
262
3120
998
3492
2167
683
690
385
1108
2669
3115
2185
3733
1326
2411
498
2746
299
1108
3451
2120
1656
3186
3590
2169
21
3203
3284
715
61
3241
2859
902
1772
1195
3235
1158
2531
1068
3154
2022
1660
2284
397
2347
3648
3696
3141
619
1082
2552
3767
2459
1854
1416
2642
857
3497
2059
1668
304
3663
1098
1397
2427
2372
1732
3628
3176
100
1247
2403
1379
875
614
2547
1356
1446
3724
1630
3628
2865
1555
730
2246
2676
804
3511
3105
1631
705
2797
493
2065
206
898
1958
1851
1024
1860
2658
2597
1219
2811
895
496
2794
1793
1836
2984
1747
580
2920
2218
1244
1790
1289
1396
3311
3281
2107
3038
2006
3181
1639
3410
432
2335
819
3611
638
434
1681
1897
1584
1390
1578
1797
3431
593
3106
3388
1266
1344
3539
2391
708
460
512
2298
1719
2279
2437
585
95
827
406
1742
3658
1663
585
3554
3473
2963
3457
737
2173
434
2875
569
3198
2064
3714
1394
814
2269
1749
129
2608
2187
2311
2577
3724
1215
2359
505
1687
3007
3528
2886
1363
1125
3232
2051
549
541
2284
862
123
552
1892
834
1930
2085
2940
544
293
2350
3801
1380
3095
1260
1262
3236
2077
1947
3197
2206
91
2375
248
2772
518
936
930
632
2262
74
1083
11
2104
761
2577
2791
489
1925
1261
454
1099
1836
1628
1041
3638
1082
3544
1240
2123
3214
1503
933
1221
1105
1349
2987
3437
3797
394
2385
1297
2632
1157
3077
1391
2625
1725
3607
1337
1079
1261
1601
356
1808
3197
508
3367
1973
434
1678
2047
3271
3466
942
798
89
2090
2733
1378
47
3617
3217
885
691
1530
1638
3102
3751
2620
1128
628
3172
2455
1620
342
983
3630
1379
3673
369
1912
744
2453
1598
2664
308
2474
2981
2980
1826
108
1693
1943
2922
861
589
3069
1108
2192
656
3639
1988
3229
1795
2904
3176
610
879
569
439
1372
1135
3281
796
458
2574
986
3717
1131
2833
3802
3802
787
1279
3030
2422
3644
1134
3293
3493
937
1682
2188
2883
2741
2107
1169
942
2377
3671
610
3438
3284
1990
2989
255
3556
456
2333
2369
2229
1880
1957
3270
137
795
3456
811
1076
1489
1607
1893
2394
2051
3177
1921
2613
3181
3463
2347
1110
689
914
3028
1912
3666
2423
3251
3803
1548
2831
2676
2570
128
2539
3618
2616
3063
2511
3767
1909
860
654
1025
2959
1204
2988
856
2224
742
3590
2419
378
3010
2415
773
1164
3625
3227
2187
2435
2410
1303
2086
1508
1796
3189
1135
1590
1850
2746
2266
2943
3416
210
2055
439
2904
2792
2958
1975
1151
1446
1028
1221
20
3783
59
3426
1898
2965
2832
2315
3405
1785
1949
9
3586
2492
995
1775
3613
1744
3605
2509
2768
1498
3050
1768
3314
198
3348
3763
2847
1462
663
1989
3691
268
671
3271
3603
3656
2067
1049
1132
2275
3566
3163
1105
2536
1980
1823
1257
84
451
3633
2378
1178
2642
3580
2541
1483
2831
1542
689
3064
2343
521
2605
1968
96
2348
3789
3178
2147
1107
3641
1524
3472
593
500
1417
1679
2959
2335
1402
3031
2438
932
3594
1553
707
1019
3308
2436
1739
328
2616
1248
974
2415
2154
2257
101
410
2127
2883
3597
103
3413
2427
1255
1249
2446
2426
1887
678
2412
158
793
2628
2147
990
2449
2138
429
2632
1644
1372
2598
2285
921
1462
3514
1925
3710
2824
549
554
527
3091
995
3339
521
1016
2680
667
3115
1200
2292
519
3530
1587
114
674
2065
343
1202
2799
1024
3702
381
446
1780
1520
3426
3685
420
402
2743
1237
596
115
410
671
1039
3321
1054
2710
2952
2149
3331
2517
3374
3648
2264
1466
2310
1684
2597
433
2375
998
314
541
209
2539
3342
2031
104
457
30
1430
505
2706
3650
957
2995
431
3645
2231
1373
1004
1668
1044
3528
3714
452
1173
3751
1775
1356
2347
718
1185
3163
315
569
2719
1891
2639
2064
975
3572
3355
1724
2986
3357
477
864
486
2103
3014
2555
245
213
1109
1786
2515
672
1216
2215
2733
3229
2952
2668
841
42
2679
2835
881
1416
2899
365
2479
3567
1893
81
323
2622
1484
2980
3355
2425
3269
2332
3195
3358
984
3238
3115
599
879
1745
500
642
3346
2399
846
1050
1194
701
1877
3395
1584
2885
1659
719
333
121
1721
2989
1185
1108
3331
980
1138
2883
3181
3076
204
1515
2565
3442
3456
552
631
2978
3821
1757
713
1911
3223
401
1755
3593
2610
1658
620
3114
1252
913
474
84
762
3715
777
1102
2330
3651
3228
1398
333
1114
3695
3453
900
2370
979
2772
1879
1818
1871
2528
486
1183
2868
3339
1072
1563
695
830
2745
2070
2483
3459
26
2198
3391
1909
1361
2924
390
1183
205
2302
1019
3647
1289
3780
3423
2538
2062
2266
3755
1914
3224
1426
1440
2208
2687
2247
1423
2429
1831
1194
2619
1935
1639
1196
1800
3377
3377
2833
3386
708
2366
3605
1768
431
224
3433
2009
1927
1778
153
3339
3094
2531
3180
3100
502
2558
1537
2578
429
945
1785
3626
1214
2255
2289
3240
907
3555
582
2905
1046
718
1733
656
2940
42
2516
3030
2426
105
1611
3142
2131
3111
2132
585
3551
3288
3183
960
230
591
608
1127
3558
2718
1364
243
499
3534
323
1319
3053
405
3257
750
1478
1042
1842
3433
3363
1456
1324
2464
3061
679
49
1505
1866
2135
3148
3323
2367
2633
3727
45
1162
1340
3241
2424
192
1947
2492
3050
1778
746
3601
3600
1269
3749
405
142
2350
1790
3755
1732
1395
596
2046
2473
3007
2004
1671
221
742
787
609
2127
2446
482
3181
3728
393
2438
3802
2600
643
1397
2231
1063
2538
1943
282
3468
2401
1492
3417
3346
1634
2353
1142
1787
2288
2249
2111
2627
2893
300
1102
1925
149
1504
2128
2752
1630
1599
347
103
2580
13
722
3039
1212
979
1353
1276
3006
235
2108
3632
1722
1913
2923
2722
3700
280
3733
2990
3076
2181
2931
1895
1404
1740
1785
935
2668
2314
3534
382
3594
3272
1804
637
3718
2800
3471
2780
3470
3750
669
1657
3330
2217
2885
1352
2947
2988
2961
3239
2416
3418
2469
390
875
1803
3798
3690
1179
1612
1115
3178
152
3745
2732
1090
1554
2981
1273
1286
196
402
112
94
406
1537
993
1688
1151
2822
111
3255
1608
421
3633
835
767
34
2862
2087
2638
1190
3111
1183
1261
3709
3454
2836
3393
15
2520
531
3641
3781
2461
1314
622
3652
1892
1987
573
1078
1915
1575
2267
3635
3107
2251
3661
2834
3479
3413
697
2792
238
2528
2663
891
2089
2326
1363
3066
1858
84
1460
598
761
3519
361
1387
287
3413
3123
2043
1992
536
3697
1182
1508
2107
3693
3123
3524
3224
2011
1960
1507
1877
398
3547
1305
2747
1173
3803
550
2391
2235
1509
197
2862
1853
1464
90
3761
1508
995
1255
276
3305
1312
2551
841
2828
1614
713
2688
2307
42
2285
189
3329
883
1064
3700
1822
1182
3821
2776
2798
3291
1812
730
262
623
3380
1414
1393
519
1792
868
1076
363
2057
2938
3781
242
1570
3606
2105
834
189
2303
1301
1372
3471
3143
2368
1957
770
882
1906
34
1584
1219
2843
110
2919
2341
3610
3301
431
1862
474
737
3430
161
3426
103
1641
3278
1901
2405
2073
890
2521
2540
3773
646
2081
3452
55
323
3092
3322
963
945
71
10
1213
2455
3395
450
2832
3318
1194
1203
882
3109
3831
1019
3512
1444
958
1752
655
3435
1063
2320
1273
1084
2087
118
903
1010
633
2715
2931
3035
987
733
3365
1765
2991
1689
904
1795
189
2103
1327
2593
2568
3544
422
1629
2930
1800
2760
3002
2259
49
2727
1285
61
1780
861
740
513
333
2002
1617
3590
941
3192
3757
3762
2925
3253
3071
2226
55
291
2261
3610
2427
870
3741
3394
443
787
2865
2385
3312
1458
397
1546
2425
1600
2736
2434
2388
70
2412
1458
1470
2878
2586
1834
1736
3467
3729
3417
2923
2918
3037
3587
389
765
346
2807
148
1263
2943
2006
1090
1295
763
2382
1357
839
28
1586
242
2014
1454
3798
1251
2841
947
2198
1531
682
231
2455
3639
2069
2769
799
828
2473
1172
359
359
3550
3736
953
2358
2325
1732
3794
3736
3675
3590
1268
1966
237
2563
88
2113
2921
2827
3484
2861
2913
3250
331
2353
2541
330
2399
143
262
2761
806
2300
309
2617
2827
2090
494
1781
1356
784
282
2336
2924
1848
1856
1374
600
2161
978
3264
1096
151
803
2054
1727
2914
3276
541
2161
3707
2103
2740
2121
2013
816
3181
762
1381
1425
2134
306
2328
1835
914
479
885
1104
50
947
295
653
1356
2334
2028
1457
3106
1252
2827
3646
1934
1307
3568
2525
3314
1414
840
3195
3566
2763
2114
3194
224
1607
1331
3564
10
3340
3482
3226
1086
1286
3668
1281
103
3324
2306
3344
3295
2120
1828
1089
426
1232
2219
1556
2023
1707
3359
3008
1619
3191
3645
2752
3216
2436
976
600
2778
2938
1275
1084
1410
3182
2314
177
219
3725
597
980
259
80
2679
3329
868
917
2407
3819
2360
2540
372
1369
1337
2001
2343
2116
2639
1903
3746
1611
2220
3561
323
3331
344
2398
1802
634
2041
1604
2290
2473
3264
3010
1204
479
3571
980
1778
3229
2004
1192
1772
2431
3054
3505
2232
1602
3105
3096
2557
2280
1468
2372
3341
1368
1467
874
3337
2217
1966
2659
1050
3118
3436
1422
1675
2314
1901
1137
584
3095
2419
3303
2321
3830
672
2010
1033
2965
3133
3238
58
2620
3554
804
174
1618
2277
3425
830
3739
85
1976
933
2498
2044
2901
2405
2769
2829
1591
432
2863
2000
2645
2706
1173
3309
941
910
1106
3217
2366
922
1500
1623
1863
2586
1366
1720
251
419
3304
1683
3594
1870
3504
2256
2323
1540
1296
2881
3780
283
2983
242
2789
3524
1100
334
2776
2518
243
1794
1482
355
765
1387
1086
3645
2419
2644
1626
2421
653
2737
607
2539
50
667
2129
2863
2845
261
3685
2801
2565
1886
2406
2927
1105
1484
3274
752
3410
1669
760
2886
860
2615
2440
54
3292
3016
1919
1214
2206
1450
1209
1482
2290
3410
1133
1596
633
2225
142
3293
2745
3673
524
1390
385
3434
2384
744
2273
1276
1511
1319
3504
2987
28
2389
2898
1985
2259
3483
806
1779
282
3238
2415
2315
3641
3386
3767
252
1979
2984
3658
3451
526
1284
2558
1156
762
2703
1594
2507
737
2821
2414
649
2781
840
2159
3485
1447
2880
2853
2136
763
613
106
2713
1634
3799
3506
915
3009
383
1408
2476
3729
1886
220
208
3588
1813
2478
2474
625
3585
2282
2611
146
3821
3756
431
1108
1929
2103
1761
686
2463
2507
1766
179
220
627
101
945
3473
1472
1098
3734
2488
1597
372
1414
3283
3255
3481
1045
1872
549
1778
1833
1221
2569
1962
1202
3605
3349
3538
2128
1047
2991
1239
1078
2589
1214
2267
1043
2956
2648
2564
1629
560
2903
755
2027
29
3597
3637
1010
1015
2465
3642
1043
199
3132
243
3026
1828
3709
2146
694
454
665
1508
417
312
3753
113
958
3229
1076
2470
3774
1869
2313
589
2658
475
2631
1398
2329
3612
2279
3435
2787
251
1546
824
1241
2390
2880
2218
196
2514
2272
3630
3836
2549
489
1684
3209
2871
3525
2426
1060
2386
1620
2031
2797
3075
739
369
2039
2873
1096
568
2562
1652
3248
3272
2876
3715
793
808
1337
3178
29
1619
1210
1913
88
3484
784
435
3250
2687
1592
826
1409
2394
763
1464
1454
683
419
2619
2702
1684
1493
684
1448
2461
803
1573
246
2636
3355
3420
2215
113
3217
72
1302
3453
2115
1546
1400
932
3601
2682
3222
2443
566
3073
645
2822
2927
926
1124
834
698
1928
3079
2082
732
1285
3212
750
1053
2109
3796
472
3443
508
685
3268
1433
1163
2886
3037
2356
45
752
1921
1692
2564
1615
2597
1200
2325
835
2897
1669
432
2920
560
3671
3720
936
1555
2510
2556
2204
3258
2908
867
84
1864
3331
867
1952
3324
3507
1863
176
190
880
1804
1353
3754
912
2989
806
520
2780
1884
1042
1507
3257
1475
1589
3377
3407
1568
2089
2978
3678
1575
2100
322
1953
1128
1219
265
2623
365
1628
2739
3325
112
2955
3010
3471
3522
2093
3788
213
3684
2741
3797
836
2715
2006
1986
1451
1821
3257
771
3586
1113
1502
2451
201
2957
2096
3453
1048
609
530
692
3415
686
121
2313
2618
905
2991
3389
2811
3072
1531
3016
2533
1682
2240
581
2680
1835
2093
2267
838
3091
1176
1833
2199
2036
3793
841
3327
764
3263
2398
141
86
811
2582
1523
2803
3011
265
790
871
2408
3565
2014
117
2874
541
3371
2149
3311
2539
2253
2470
778
1495
2810
358
2394
2611
234
1866
3366
2648
752
569
466
1576
1592
372
3241
3351
1424
3227
3164
492
1822
2359
3611
1338
1531
2429
1162
1824
2582
501
2999
2789
906
1985
3149
736
37
959
1912
401
1531
1232
154
1797
3148
3167
3769
885
39
1351
2075
130
872
3764
1329
3287
818
2723
3410
3210
842
707
490
3827
1268
1656
3742
611
219
885
2555
1285
1028
3730
3450
3719
127
2287
3622
3691
2850
2905
895
1192
2501
2241
2081
654
1669
2710
3179
3335
738
740
3833
3426
171
1914
1173
525
1491
2548
1646
734
94
3784
40
3633
2314
102
1367
3641
1256
1658
2668
2717
2006
2621
3242
46
3072
1302
3818
130
1749
2532
3669
3714
1930
1526
1642
1004
1849
924
617
2135
138
1882
2943
159
1818
2860
344
2064
1788
1367
1019
3066
3579
1563
330
1404
72
3818
1087
923
2152
158
529
1222
2801
944
1062
937
177
1064
1257
554
1324
2902
827
2603
1143
3285
3610
82
897
1226
3787
1637
2127
2115
206
412
844
2368
643
3719
448
2518
21
705
656
3360
1772
3295
2944
3694
1041
265
2929
555
1289
2532
2722
1771
927
177
222
1224
33
2275
726
1612
661
869
1625
3010
2205
140
217
1486
2914
2664
1423
2838
3273
2796
2287
953
1704
262
1084
3216
1245
231
2170
543
1429
2110
2768
1595
3191
286
2804
1334
3335
2974
1342
2951
548
1899
2724
2973
3427
3642
2415
832
3658
2262
3532
1333
2342
957
3226
217
2518
1724
3240
1757
3091
1373
1509
336
911
2095
559
2854
472
678
2646
2339
254
520
1192
983
2531
2389
2629
213
2799
1510
2259
2316
3095
380
1944
3704
3479
3604
653
2739
3003
253
933
3741
3559
174
2093
2312
1259
449
3402
3159
3589
2373
377
3715
1334
1603
2483
1059
1569
2449
1068
2484
1396
441
3623
702
1196
2116
3271
1024
504
2935
1125
1451
1429
2879
37
1505
604
3068
1372
2664
2713
2991
2052
2769
1715
3357
3638
2034
309
1022
2229
2091
3589
3538
3363
912
3195
2041
843
1284
49
2125
1401
3470
3699
2436
3238
118
395
629
2581
3297
1527
1913
3152
3281
672
280
601
1704
2889
868
3750
327
535
3488
2697
2016
3435
2938
196
1329
3604
1019
3730
2197
1831
2015
1133
1118
996
738
1683
124
1600
1097
1274
546
3310
3172
3693
510
3442
1209
1934
380
2000
2103
649
2866
3183
2803
2329
14
377
3745
3711
1068
2334
943
1564
1404
594
3614
1219
3345
3103
807
1996
158
1455
272
1982
3654
262
1771
2124
1074
2307
59
394
2987
741
413
1075
58
3444
2746
2269
3227
2262
1722
1715
147
1344
1290
2064
2170
1268
994
415
1191
3822
1775
2100
2810
2482
2116
1745
1123
3168
3499
803
1396
1120
3372
3523
1885
584
2527
2051
1904
3475
2433
1930
1030
3793
1171
491
296
3808
646
3240
856
320
2047
743
921
1873
852
1742
3071
221
26
3548
2620
2813
24
807
1578
1440
276
3052
1277
3119
1497
269
2600
937
2715
2805
381
1270
3561
2838
2445
3366
3487
1060
3187
3445
2305
1493
2851
316
3596
1045
1963
615
3701
742
423
1320
1922
1311
150
2065
164
34
39
2618
2315
2142
3770
275
1054
1247
2453
65
2285
665
2356
672
3768
2309
2875
332
938
765
3676
3043
358
3683
2992
125
2379
1882
1064
2415
1993
2840
1249
1696
2350
3536
569
1161
303
1551
1001
3434
1675
1911
776
408
405
1032
2870
1891
2995
2157
1121
9
3648
3607
989
2807
3086
1129
324
1863
2723
2481
1901
1574
2136
2918
2876
3619
3750
2007
3601
3659
3816
1127
1152
2219
1131
2617
2545
776
1929
2492
136
2060
1472
1618
3058
750
320
2620
3056
1239
3556
2915
3740
2208
1817
365
102
426
2337
2609
3225
3242
3483
2250
910
3461
1998
2047
435
430
1022
903
3676
1412
2830
1987
2558
938
400
444
616
1426
1434
2290
3522
2572
997
708
993
3569
2526
2242
2154
527
3304
573
3171
3440
2797
2769
1776
2053
410
3506
2842
2943
2611
3475
1345
3679
456
1580
546
2028
1972
1068
1904
3230
2022
3016
3024
3129
1636
293
112
2638
2782
3302
3451
310
2684
3409
2830
468
3776
3774
1762
3565
2107
2518
3835
3275
1357
2043
1979
3132
3046
478
1969
2927
3754
2948
317
425
1713
2461
686
1430
37
489
559
1061
936
274
109
628
1635
3137
2142
2217
3147
3611
659
3527
2233
1978
3313
789
559
3689
1592
3711
1768
3007
596
3806
3016
789
2640
2234
3740
3084
1017
2939
2020
2635
3151
758
3423
2946
1291
728
1315
3590
1256
381
1151
1821
1331
2560
427
2766
897
2210
2946
3195
3556
593
1480
913
2614
1767
1146
2544
2853
3675
2525
543
1234
2227
2115
3242
2809
3139
2902
2372
3357
127
1963
1082
2214
692
1449
2050
23
560
1054
1564
38
1416
3334
3127
2918
1835
3416
242
3447
1429
712
871
930
1055
2850
1046
2318
3304
915
1596
3165
2444
1591
3677
3814
871
767
1639
1045
3342
7
3588
3732
1089
3282
340
2362
1005
2567
258
3346
1936
3487
2428
2505
2770
372
379
369
1460
3317
3172
476
2815
3477
811
3678
815
1667
2712
1840
951
2516
947
3112
3722
3586
3800
1053
3011
3200
2905
1344
1781
1645
677
141
3478
2837
1085
117
2104
2985
3686
2828
556
1522
3311
2195
467
2834
228
2681
2626
2641
2549
2625
3282
1057
1275
1154
513
1111
2560
3383
3019
1488
2279
1598
345
357
3285
948
3439
3295
3398
1440
3640
2225
3703
1999
361
13
2719
2084
2700
826
3092
2329
1996
1173
477
3578
3018
2913
1431
3109
2712
1214
2121
3324
2129
3027
756
3700
1608
1215
2632
433
204
249
2235
1513
819
350
444
3558
971
1963
2295
2920
3385
1181
2366
3096
1743
2913
3573
264
205
2408
2609
3153
721
2113
1585
2439
2685
1915
2201
1534
599
1178
956
3553
1917
194
1095
158
3154
3368
1039
2369
2917
1004
3163
3386
2079
1417
543
3262
2010
1999
652
1038
1060
253
2777
2734
1525
2341
3133
1898
3310
2845
368
3137
1602
1239
3609
2810
59
186
2190
1631
1751
320
1521
1502
2412
907
3244
3640
899
3376
1141
802
763
3025
1213
2026
1490
2439
1889
2833
324
1047
1917
1899
3614
568
3692
1218
2252
2411
2583
3261
2137
39
2481
3805
1204
722
3787
1842
885
3707
576
2530
1183
1978
2120
3790
2187
712
3571
2595
3521
3568
217
430
1898
478
2151
1148
798
3582
629
211
1540
3632
430
846
3516
1240
914
675
804
3481
1271
838
3146
75
737
697
192
3711
3621
1202
1322
1211
2521
3171
3722
214
1898
2451
2597
3718
1841
1525
1493
273
3592
1619
2037
340
1531
3726
1351
350
3174
628
244
2291
397
2162
2578
2892
1896
3487
3482
1609
237
2282
164
3115
811
2055
920
1252
1465
24
604
1663
2489
1197
1542
413
3793
274
2954
518
2066
1959
983
81
234
2438
3176
1123
3569
2539
3473
826
876
2237
2343
2512
605
2092
1549
1699
474
3447
3467
3759
2182
125
854
215
3511
1762
2207
2839
1366
1630
2021
2922
3353
3413
226
2735
3571
251
1211
806
2255
2120
1824
2788
1050
3776
1504
3778
3220
3756
1197
723
527
3566
1541
3385
1347
884
801
683
2732
497
2799
2099
2984
901
2604
3027
3574
1255
3231
84
2324
1766
2739
1021
250
3159
1392
1653
3659
2232
2278
3408
234
2169
2025
2202
508
3693
3553
1035
3270
926
953
1224
993
548
681
1908
3302
134
175
580
2010
1370
523
3542
3743
2753
2794
2270
3693
2886
3589
1798
1612
3488
1873
2689
3626
2278
2358
1264
257
2157
251
762
3049
2948
1278
3090
2395
2713
523
2141
1585
1233
2364
3169
1309
1070
1278
3267
918
3449
2064
805
92
1877
825
2055
2817
630
2510
573
2398
2995
2488
2223
1025
1953
1201
2889
3695
2118
3353
25
1861
3325
1030
2303
3212
2409
2946
938
315
3812
3728
672
338
1698
1660
3834
1309
3659
2302
2267
3101
1766
1807
840
819
260
2479
750
1268
2229
2629
2511
3685
2879
3386
377
268
2243
1108
3451
677
2790
614
3228
2153
900
3422
2895
283
286
528
3812
93
3094
751
2563
166
769
3014
2532
2064
2067
2376
2417
2755
1748
2892
3289
2887
385
2996
560
380
1044
1629
55
2213
120
2376
922
2570
644
2227
2870
3152
614
2367
2307
1758
3073
1257
1556
595
851
1652
2404
2071
2557
3430
1789
3429
2988
2036
2606
3666
2703
2586
3583
1425
2849
256
2832
1421
3410
3194
2484
1659
2500
1036
1279
2216
3067
1541
3684
1120
1960
2074
3798
225
3017
3661
3488
3757
3671
3534
459
2751
1257
1032
3129
3278
160
3287
3552
2986
697
3691
1063
2835
2632
573
3628
135
1676
1440
903
94
2108
1353
1856
1642
761
1798
2101
3480
2290
3452
3267
3478
2160
3611
1023
70
669
2721
2393
415
229
1668
2321
396
2840
609
425
3495
2991
1490
45
2782
1481
3427
659
827
2737
2924
1657
2912
3073
1747
1680
1211
2664
2499
274
1754
3732
3559
380
2617
3747
1363
2174
2363
3474
1952
3576
1669
2533
896
2988
312
1324
3350
915
3243
1058
1694
936
464
2190
1984
109
332
799
1466
594
1525
1394
849
334
3224
446
3187
3489
2186
1571
429
3680
10
899
2732
1175
854
1970
1131
2130
890
1681
2407
2419
280
1622
3567
669
3632
2322
3581
2216
3155
1282
2222
801
3564
21
737
1532
1468
582
250
62
1336
1434
409
2338
3712
83
1749
3816
3281
1055
2740
2340
2114
1091
3504
66
3180
202
2462
1288
1837
1243
2567
1938
692
768
111
2324
3315
2693
2723
3179
494
1228
1662
1623
189
3101
2892
3771
3483
1623
3483
2412
430
3515
296
982
2609
1068
3137
3188
1966
3263
1975
1280
1696
2380
538
1801
2427
2128
1585
2665
1902
2488
24
1930
393
2036
3532
2791
912
2723
3502
3242
3575
1128
930
729
3228
1398
2940
3505
123
2123
2076
947
2525
1267
1347
1742
1297
1376
2866
388
272
3336
215
1776
2437
3224
3124
24
2269
2494
2492
1741
1235
891
2810
2827
1850
679
1581
3533
1190
2442
1823
171
1916
990
73
2257
2078
2718
3198
2961
2696
468
3093
148
327
429
3109
869
332
2121
2887
3197
3422
2781
1085
3509
1462
1058
3110
743
911
1111
1795
1721
369
1207
759
3441
2520
636
977
3297
2124
1090
2714
1134
3049
3510
1937
1133
3659
3512
835
3502
291
1132
1912
3275
1087
1916
430
428
332
618
2097
86
15
2665
77
1890
2932
3685
2001
1892
108
2885
630
141
221
2682
2260
1820
2123
2281
3700
2455
3318
2302
3619
2807
646
1399
1782
2913
3430
2470
2509
3129
2492
2264
2936
1363
489
367
3737
1801
1431
2947
3172
3051
1445
694
1976
1311
2734
1812
2738
2808
3202
581
586
2125
2774
1344
2424
805
980
2857
2060
2960
2218
198
1040
3075
31
2132
2713
1987
1999
1184
2252
1574
704
3323
3287
2747
1408
886
969
1321
948
724
2003
2732
3295
1366
94
2126
2618
1699
3598
2537
2166
1635
2861
3662
1309
2449
350
3404
182
2155
3061
2118
712
2516
578
1658
584
3479
2777
665
401
55
2029
1683
3002
3064
3607
1687
3406
3708
1701
1864
3292
2576
3206
3348
220
1688
646
2147
2244
872
3816
3160
1872
1511
3465
2646
785
2087
3434
2947
1664
142
1615
2654
1463
615
3692
2724
144
3570
1422
3826
732
492
2903
1553
1880
3683
711
405
178
1861
3218
1603
3770
1903
3719
2228
3619
1462
2254
624
1781
417
2333
757
815
3178
1962
714
791
1202
1148
2136
3123
593
909
1368
1931
3583
1734
1197
1111
1303
2180
1066
2029
2891
2814
2411
986
1230
891
501
3514
210
2670
2259
1381
3216
1117
612
1887
76
1699
2827
691
535
40
3834
3702
1073
2952
2590
304
2248
1549
1506
579
897
254
1352
2851
1932
1961
3088
968
2174
1033
2516
737
2989
2718
2813
2009
2097
3788
803
843
595
900
2330
3490
2603
3000
2402
362
820
3047
3479
2788
1726
3494
2737
1868
917
905
3196
1939
3291
3315
2244
1321
3006
2373
3044
2325
1205
2370
2840
3756
3073
1764
195
2920
3275
3150
3458
2194
2217
2954
3122
1550
2771
1143
325
2592
2134
3572
1122
2885
2875
724
580
3368
3539
3053
3070
3734
2546
156
1145
2283
1676
3243
2681
3802
607
864
1086
1442
2319
1923
2416
2816
1735
2966
1528
3437
132
2708
2584
3528
3662
1189
2385
79
3498
1587
1061
1863
2276
892
2271
799
144
590
2941
409
563
3817
2577
480
2684
153
1887
613
757
2903
1911
1712
2142
3457
3019
1180
3136
2173
1047
2713
1075
179
3822
2630
3477
1624
824
235
3012
2980
3296
649
3315
1322
1056
1115
3511
892
2908
836
1848
3393
901
1875
2842
2415
3239
3246
1739
3474
1517
1852
2813
2494
71
3610
3675
136
875
1982
1522
1727
3619
1513
2967
3659
2315
1559
2193
3224
1944
3296
2782
2437
489
131
2892
1503
2491
139
1184
3627
510
3053
3264
1873
404
2019
2833
1116
2997
1014
1237
990
3815
3541
2312
2121
1888
2814
1991
2286
2342
682
1090
1829
937
917
3322
2895
2222
3124
2696
873
2623
248
765
1429
965
1800
875
3412
1199
2071
3676
1435
576
728
614
2401
3833
2186
1073
692
1291
2075
3682
2464
228
780
769
2141
1948
640
2954
2676
1885
1118
97
1285
3646
398
3032
3241
844
2308
2413
1727
3030
3807
3047
1191
3430
2421
3313
3823
1532
3607
2285
112
3625
1294
507
1785
2802
2472
1469
1464
531
1079
3116
2710
2794
384
2789
3503
2131
2917
1298
2318
2022
1860
2996
274
304
2585
2785
2088
1441
2047
2496
2225
2942
1766
134
1936
1202
3538
2049
3487
1779
28
1645
1271
1686
784
1675
3563
2935
3239
1925
458
308
2072
3214
1133
1943
1161
120
146
839
488
3351
309
1352
2212
895
3463
3661
3516
2937
3122
1215
586
537
2470
3570
2716
3031
2175
363
1075
856
1788
1947
378
1190
2898
2016
698
1930
2593
3275
2502
3492
586
682
3703
2424
3546
3634
3465
560
75
3379
3298
3023
1630
2786
3758
3067
1766
2924
1553
3482
417
1942
3597
2173
2123
392
1251
3197
1712
1272
3387
1374
2869
3670
327
510
2870
2922
1860
3734
1951
2353
2840
1115
1201
739
3491
1188
165
2974
1541
1243
1099
2961
1804
212
3785
2032
1592
2931
269
1708
1103
806
196
1930
453
1549
2833
2531
729
530
1111
607
926
1116
2745
1459
1413
1089
1280
3610
2308
3715
1409
3370
2650
1175
1906
153
715
2596
2026
450
3736
2902
872
3598
3454
1021
2656
3618
297
1099
896
616
1674
3759
267
675
551
1083
437
3580
3202
1873
1699
3183
877
2563
79
1253
2189
841
2853
2020
1600
543
2212
3342
1259
3401
1341
161
531
1203
2018
576
90
196
964
2801
3263
3434
3489
3776
3648
2014
2571
3794
147
3420
1315
1357
1316
1650
1596
82
72
3128
3827
2301
630
3758
343
16
1496
1718
2520
624
1492
1357
1983
2220
344
2647
2970
410
3703
2739
3753
1830
2079
3470
2859
707
2683
535
2285
1450
1411
1424
3678
177
2347
1428
3500
775
310
1270
258
3491
1793
916
2283
1027
191
1675
2334
2489
3083
2878
660
1289
3345
232
227
791
1719
1412
1963
3479
2901
2373
927
3341
1860
290
3577
3671
1697
1161
1778
915
2389
533
91
2787
964
3296
1841
3612
3552
3528
3599
2345
671
3004
2852
2838
3168
2279
366
2915
869
1936
2153
143
2856
582
2560
2959
1320
1038
144
1767
2336
2853
196
1229
1287
2776
1340
1685
727
2482
2563
1049
1818
3471
3585
815
3758
3662
2668
1177
2168
927
1644
3249
2816
3578
2039
3812
1638
635
1860
1799
2066
953
3775
45
1960
423
1640
3390
630
1027
359
1988
3597
140
2388
1667
2388
2217
1194
1647
2504
626
140
1996
1866
327
1612
2340
2819
2988
1841
1605
545
1324
3239
2458
125
1577
137
3602
3537
1329
3719
2279
1252
3120
401
1400
2092
1091
318
1506
3021
2057
3523
696
3133
2113
2809
2857
3451
1598
1398
3760
2124
436
854
1664
3171
744
2276
3501
1168
2140
3753
3342
16
859
1617
3155
1501
662
202
780
1315
1567
2781
1195
3544
3130
115
761
2407
209
183
2231
1025
2881
3378
3831
3523
2196
3063
1294
2174
3482
913
373
3828
2169
3512
1846
3686
3392
917
3623
1831
3673
3718
529
3546
3687
2981
2205
1063
2149
1659
3135
1538
1869
1779
1109
2547
354
1697
3276
1281
3438
3468
889
2334
1095
3718
756
2059
930
42
2342
2861
1987
2565
2395
1563
1009
1591
2585
952
927
2810
1899
425
101
208
2498
281
2022
3342
716
1022
234
551
331
2506
3631
2431
226
3480
183
3424
1978
3780
234
2894
1615
3204
864
1911
414
1105
893
58
3431
2553
2544
2242
397
53
481
118
529
1025
457
2995
3416
1959
69
3782
1325
2044
1452
613
3507
309
1817
2946
70
911
3588
1797
2111
3133
2247
2818
3454
3773
378
1198
2663
2084
1842
3019
3524
3048
1773
1899
1029
3546
2557
324
1921
2220
1732
77
1270
2520
2649
3570
2244
1938
1273
51
2165
2117
3297
2087
3713
2375
3264
1605
142
3358
3504
650
62
3539
2973
3389
1295
764
3659
2348
3267
145
2025
1024
265
3140
07
003
0003
3382
830
1822
2139
613
1533
1033
1884
1646
854
1576
1016
1305
2709
3468
1258
2362
597
3116
1464
1099
388
3633
106
973
3022
860
116
86
1431
3807
638
1676
1008
3590
3631
3124
871
1875
1204
1518
3170
1596
1069
1090
983
795
462
3305
803
2381
2351
360
698
1868
1971
2079
3247
3460
1492
2192
518
2159
1918
2263
1647
36
3036
262
2648
1407
2550
2588
2831
262
978
40
1133
2605
2089
1303
3268
